97
105
108
105
108
91
95
112
80
86
112
110
110
89
93
84
89
111
91
84
95
111
92
84
86
71
93
90
132
111
119
102
100
76
131
132
98
113
97
87
115
82
113
137
132
77
86
84
107
134
84
105
155
106
139
106
74
86
95
69
91
91
86
71
110
136
90
130
126
118
82
99
90
104
73
96
120
115
101
114
87
96
175
109
103
103
91
91
121
95
93
82
90
89
91
99
105
98
98
95
85
129
91
81
123
87
105
118
96
86
136
87
98
106
89
86
91
89
100
101
125
94
114
101
91
116
85
116
90
100
91
101
91
148
92
90
96
87
92
98
98
76
90
122
89
89
110
101
86
89
109
102
100
86
117
100
78
110
88
111
85
120
114
82
72
114
91
105
105
88
83
88
99
93
89
76
87
79
103
84
110
79
89
126
83
88
84
119
98
119
86
139
103
86
94
90
113
95
125
82
98
76
102
113
76
119
109
125
120
86
86
118
119
88
89
114
66
144
94
108
91
87
118
105
106
111
101
87
93
133
87
88
109
98
87
92
84
117
84
94
111
95
93
95
103
94
76
113
120
89
120
97
101
86
114
87
91
97
122
104
86
113
142
94
83
87
135
100
71
123
107
85
96
78
83
86
97
107
79
91
91
113
97
90
115
110
92
106
91
116
124
114
131
111
92
123
92
90
120
87
103
93
101
112
95
88
71
97
98
108
175
104
111
131
93
111
91
89
89
91
122
96
88
88
137
81
113
99
136
120
138
89
95
67
109
116
109
95
77
87
99
79
94
116
129
92
107
75
156
105
100
87
117
110
100
93
100
127
91
109
103
72
123
130
100
110
106
92
140
88
138
99
130
94
101
87
108
95
108
86
134
140
99
91
139
103
81
92
83
90
68
105
92
93
93
101
100
108
107
71
83
109
100
65
109
96
90
84
74
109
84
116
83
88
118
88
103
109
83
85
69
105
93
100
101
94
114
91
115
114
93
110
86
120
95
83
117
103
68
92
88
108
101
91
105
89
81
98
87
90
131
87
113
91
108
120
98
85
71
81
130
65
123
96
81
132
103
95
89
101
83
95
115
103
92
99
91
97
119
90
81
83
96
66
100
87
76
120
89
93
98
93
68
98
98
97
92
106
94
105
69
85
91
91
93
108
86
68
101
107
116
90
93
117
95
97
90
111
79
101
82
90
94
90
136
88
85
82
89
104
113
74
67
96
81
98
93
91
87
116
106
82
87
91
111
78
78
122
129
112
94
91
93
95
92
103
92
113
94
67
107
83
106
125
107
112
100
86
90
92
107
100
106
94
92
94
93
124
64
105
105
82
99
100
71
100
85
96
99
88
77
88
85
114
107
130
94
86
96
76
124
93
89
104
105
82
127
99
91
100
119
73
67
103
93
81
95
89
120
90
118
115
90
110
86
94
118
109
74
111
118
72
88
85
109
86
90
103
114
93
104
72
125
81
110
102
110
80
150
90
68
77
125
79
125
87
108
96
114
87
90
97
94
63
77
90
133
93
65
85
88
88
96
79
116
96
93
88
85
129
97
81
89
103
64
109
101
97
91
108
77
92
91
121
126
79
87
146
84
92
100
91
104
122
106
102
100
81
76
110
91
112
93
93
82
93
108
124
88
110
103
78
106
99
110
85
105
100
77
90
115
116
69
137
64
86
109
104
139
83
93
86
63
86
84
99
96
79
76
130
79
64
117
91
78
87
86
91
111
87
127
77
98
93
93
88
91
129
87
124
96
90
94
129
89
76
124
82
91
64
88
63
89
108
96
117
92
95
121
85
108
89
120
80
90
92
134
102
127
63
103
141
118
64
82
93
116
95
68
102
88
99
91
109
87
111
84
111
101
93
108
86
85
92
90
78
95
125
89
107
88
86
98
94
112
144
93
98
102
62
74
86
105
130
89
79
109
98
118
81
136
100
111
63
94
88
90
106
91
63
68
89
119
108
92
99
99
100
71
99
121
87
97
92
103
93
100
112
171
98
97
157
94
112
92
91
101
86
131
87
93
90
115
76
96
87
103
90
85
75
84
132
92
137
103
107
105
85
88
124
113
125
116
89
81
101
119
77
87
139
128
136
93
90
104
101
93
88
87
97
87
108
94
61
99
104
76
91
109
90
118
107
80
107
108
102
102
88
100
76
126
67
80
88
95
107
82
88
91
103
110
91
73
86
86
91
102
111
90
68
129
98
122
91
66
96
121
68
104
89
71
68
86
76
65
131
100
85
98
72
105
79
132
109
121
68
99
84
85
101
87
150
95
94
100
89
88
77
96
104
91
113
98
87
94
85
114
111
107
88
82
91
69
91
146
83
78
93
101
88
130
90
86
74
104
96
86
93
90
87
67
115
104
93
62
101
101
95
64
98
103
87
93
108
78
91
82
89
77
112
107
96
105
89
93
99
100
90
83
89
107
77
90
103
96
100
92
65
131
91
102
74
86
69
96
88
119
103
95
93
107
77
135
97
132
139
95
87
90
90
91
126
67
70
107
88
70
89
90
87
82
133
97
97
96
126
93
103
89
76
92
80
94
90
87
97
88
106
89
77
97
91
92
131
99
74
82
99
106
69
109
150
103
100
92
99
88
81
90
87
65
142
111
66
95
93
87
105
154
90
112
95
99
62
75
102
97
119
79
92
104
106
90
109
115
126
104
103
83
88
92
62
90
130
96
77
122
134
96
99
85
89
118
100
81
62
112
91
77
118
71
94
89
123
86
83
70
95
85
95
77
106
91
104
76
72
94
85
123
98
98
107
103
92
98
71
96
86
96
64
63
102
89
93
76
99
97
103
117
84
104
96
102
96
132
83
69
73
88
98
128
103
68
80
98
84
110
100
92
87
97
97
85
111
142
119
96
76
97
63
114
76
139
115
89
76
97
91
103
150
102
133
93
107
95
80
106
104
96
96
101
96
107
112
96
97
107
82
117
111
117
90
109
110
80
100
120
90
89
122
63
83
98
64
76
74
73
91
165
93
90
88
103
89
122
93
94
77
97
140
92
114
78
81
83
108
94
89
72
89
112
101
96
85
87
76
96
97
120
106
65
107
97
124
89
104
89
120
68
85
70
102
88
95
107
64
93
89
93
93
92
125
87
97
114
93
108
93
84
63
81
91
95
90
89
100
108
115
78
68
71
114
67
76
65
78
94
94
97
94
88
80
120
102
90
71
85
74
93
84
115
86
65
101
85
107
86
131
124
130
72
79
104
66
122
94
100
95
80
74
110
105
76
100
90
94
89
72
91
113
121
106
88
93
79
81
112
104
84
85
71
105
79
123
120
84
84
74
114
90
94
93
107
99
125
93
95
89
90
67
71
88
115
96
92
90
88
64
66
118
82
97
116
94
89
96
102
109
87
90
92
97
87
101
89
107
70
118
94
110
102
82
86
132
106
63
68
102
78
93
96
91
97
114
66
108
87
66
107
86
100
95
64
95
123
127
83
103
63
71
82
132
106
83
117
71
83
76
104
136
93
90
90
105
86
96
109
87
124
89
89
93
90
83
86
107
88
125
91
170
101
93
117
103
89
109
94
87
93
88
65
128
102
139
61
86
90
106
74
63
121
77
83
92
96
93
87
111
95
105
81
67
80
138
90
108
143
90
111
101
97
66
111
66
81
93
88
87
111
103
127
106
99
90
78
91
85
91
87
107
71
82
92
172
106
85
82
72
156
79
74
63
117
100
96
88
107
87
94
70
78
93
88
84
122
94
111
91
88
75
77
97
94
101
91
115
87
85
87
102
103
112
95
101
102
87
69
91
98
97
120
94
91
116
86
75
101
99
114
106
124
106
95
67
120
94
99
130
90
102
95
85
95
124
95
79
80
78
89
76
83
100
104
96
104
105
127
149
98
90
93
103
109
105
93
75
81
99
95
85
64
80
107
124
104
94
64
93
82
86
93
73
89
101
103
100
104
97
110
91
65
74
91
75
102
90
78
99
85
126
138
114
90
83
126
82
94
89
111
96
65
78
80
73
83
121
78
92
86
96
86
72
97
106
98
136
125
95
96
90
127
118
86
105
70
91
111
89
114
62
117
113
94
72
94
124
93
97
101
70
90
91
92
87
95
64
104
68
69
92
94
90
69
69
101
85
96
121
92
87
85
106
85
112
94
85
86
98
112
85
95
120
63
80
109
159
89
93
100
104
119
112
117
125
85
92
120
102
98
93
91
99
99
91
116
63
92
81
92
103
72
86
114
128
90
85
91
89
89
92
111
96
92
94
97
61
111
125
115
88
91
93
117
76
96
103
117
75
81
71
94
117
88
106
101
94
93
74
61
62
85
99
97
85
91
107
75
104
87
82
94
101
120
85
119
84
108
61
86
72
102
142
105
61
65
76
64
105
91
84
105
114
111
97
65
116
63
87
72
62
131
103
126
101
116
155
127
75
93
112
107
64
87
84
90
87
114
82
68
72
132
62
96
95
93
83
112
102
109
79
121
74
77
67
72
126
106
75
104
69
91
85
102
63
100
103
100
93
88
107
89
96
147
93
92
78
112
95
85
115
87
103
95
62
110
81
100
79
145
103
83
89
74
100
115
90
85
71
92
115
86
90
76
86
111
75
69
63
117
99
94
101
101
85
120
103
94
100
94
91
89
90
131
83
112
136
114
74
102
76
127
117
119
98
95
102
88
71
93
102
150
70
96
96
82
73
66
83
86
97
112
88
86
100
93
133
77
91
65
113
99
110
94
88
93
95
96
79
83
89
97
73
118
102
96
78
111
88
104
88
92
110
119
91
90
85
86
106
96
93
99
118
83
114
65
128
89
137
88
117
133
106
94
91
98
129
95
108
65
104
87
91
81
140
96
76
119
99
77
81
133
92
87
91
91
75
81
81
91
73
111
144
101
66
65
142
118
138
95
69
86
91
103
126
91
114
96
97
88
118
80
83
100
120
96
87
98
98
102
134
142
93
137
90
109
89
147
90
98
83
124
133
98
87
92
107
114
77
114
99
81
78
89
98
93
98
79
88
68
113
150
84
84
76
71
96
90
94
71
91
83
62
63
95
119
105
65
83
92
136
64
68
170
91
103
84
94
90
77
68
70
113
72
63
98
100
87
127
71
92
130
71
68
118
86
92
89
87
89
88
104
106
121
77
97
100
84
139
97
96
92
90
97
66
80
102
107
91
71
98
91
79
76
115
89
85
104
112
98
120
71
116
104
94
83
83
75
90
114
97
84
89
93
99
92
116
61
98
97
78
90
92
63
91
84
95
95
87
96
83
118
91
127
94
80
92
97
85
109
97
114
99
99
98
88
107
111
66
70
86
92
141
74
66
100
71
89
102
77
68
85
122
66
106
90
80
102
95
95
79
88
81
91
92
122
110
122
84
99
81
124
120
96
88
81
86
99
103
98
118
114
151
92
73
105
112
61
84
92
187
67
98
106
99
81
84
80
86
65
64
87
122
68
97
90
62
82
87
65
90
99
94
94
61
88
72
89
72
108
86
105
91
73
107
113
91
92
122
74
117
73
91
112
97
84
96
90
104
78
91
94
95
81
118
118
83
101
117
79
85
88
93
66
78
72
113
89
88
92
93
90
102
81
97
96
99
73
103
85
71
79
69
94
101
107
102
101
83
83
93
68
84
94
87
114
111
92
106
99
64
67
87
101
76
118
88
89
92
94
94
104
84
89
61
64
71
79
92
91
115
80
85
82
112
85
85
107
122
76
91
114
93
85
80
91
95
96
90
97
120
63
62
99
86
88
94
101
97
90
86
113
81
134
133
87
111
89
91
134
61
93
102
103
88
87
101
93
87
104
81
85
62
92
82
96
95
86
118
105
88
91
98
102
114
91
94
88
90
91
100
71
105
117
86
93
102
94
75
97
85
116
89
91
98
104
86
97
95
141
85
80
95
102
64
91
88
102
64
61
110
92
126
82
90
68
96
94
88
89
99
116
88
109
89
86
105
97
83
86
75
81
93
90
65
93
84
92
98
82
82
92
98
99
141
136
89
67
96
106
91
120
85
92
90
95
99
62
84
87
91
115
99
80
103
81
78
86
63
91
80
78
101
62
83
89
96
78
91
88
92
136
79
99
104
84
102
100
87
87
111
98
99
123
103
85
88
66
107
105
91
81
75
92
89
75
81
124
92
86
83
87
97
83
66
87
86
126
88
125
91
94
88
96
101
103
100
85
95
73
93
99
84
134
99
123
96
62
94
63
113
93
88
95
78
97
65
94
84
83
73
143
165
99
88
99
125
84
100
89
121
90
78
100
67
94
125
92
63
70
100
104
85
112
67
85
96
89
122
70
91
111
96
67
80
96
109
113
94
162
108
100
132
112
90
135
76
95
103
83
102
122
73
96
97
79
130
86
91
65
83
102
115
75
103
87
85
95
118
92
95
110
76
103
98
71
82
89
75
105
64
73
91
96
128
90
109
74
74
86
97
143
131
88
96
97
109
78
128
133
99
63
95
99
68
86
91
82
102
85
92
90
162
91
88
96
101
111
129
99
110
90
93
90
77
95
120
84
123
79
90
76
92
71
118
84
106
87
106
103
91
80
87
85
83
86
85
93
75
61
63
91
91
91
96
107
88
121
77
123
86
87
86
100
125
90
95
103
91
90
109
90
117
89
95
108
90
91
105
95
108
95
126
84
98
82
104
93
91
80
91
92
99
117
90
99
91
133
141
84
85
98
97
90
91
100
63
84
95
125
75
66
84
87
90
91
109
110
114
103
107
88
95
92
91
99
88
95
92
98
82
78
98
89
77
112
126
74
106
100
95
182
74
99
89
75
82
90
124
99
109
84
89
65
127
118
93
85
97
103
84
89
103
96
101
90
86
66
114
88
86
82
117
87
122
81
94
98
74
100
87
120
66
95
103
114
85
86
121
103
88
93
92
89
71
99
102
66
91
114
90
85
65
90
82
77
86
105
90
99
68
101
95
94
63
90
84
84
93
69
79
132
104
97
91
81
92
88
94
93
83
87
125
90
91
92
90
68
79
105
89
138
87
126
95
101
90
94
83
79
114
87
91
104
99
94
94
90
96
91
96
89
90
86
75
93
128
88
123
106
91
85
82
64
87
102
63
89
104
83
93
87
72
108
98
89
100
66
91
87
95
109
71
73
89
93
69
147
99
82
127
88
84
124
91
109
93
86
91
84
71
92
98
95
109
91
76
92
78
90
94
99
67
105
127
120
107
115
93
62
87
90
62
84
95
101
78
75
62
89
95
105
62
91
98
63
61
100
89
93
89
88
90
74
96
87
107
91
67
83
112
109
82
82
118
61
92
84
80
94
103
85
147
88
109
111
94
61
71
66
95
104
115
98
101
88
91
105
67
101
93
96
66
80
92
86
99
61
83
120
108
106
72
96
69
89
90
110
79
98
77
97
99
112
113
115
63
65
86
106
81
87
87
63
112
108
124
83
72
109
88
85
72
88
160
90
82
99
89
88
99
62
95
63
79
88
96
90
99
95
99
94
91
77
92
71
89
96
91
115
80
88
89
100
82
87
102
97
97
98
96
95
91
91
96
151
63
88
92
96
93
93
70
93
79
100
87
97
79
99
90
66
93
75
87
93
94
87
63
94
91
87
91
89
104
81
88
95
95
94
87
87
62
66
109
86
63
93
90
72
91
87
64
87
91
73
101
83
93
99
65
91
91
80
96
98
93
90
121
114
98
72
73
112
104
99
84
80
91
90
85
91
83
91
105
100
64
87
129
79
84
91
82
100
86
106
163
103
86
101
86
130
72
92
73
108
80
99
61
72
73
89
101
111
64
100
99
127
95
95
98
83
87
100
114
103
100
105
89
94
93
99
83
94
123
131
96
91
96
107
87
100
91
67
89
92
61
125
87
104
118
91
74
83
96
65
94
63
82
92
93
92
134
98
91
76
89
97
98
73
99
96
85
78
90
95
114
130
91
90
129
88
94
121
76
101
100
88
90
126
96
94
119
107
94
98
126
84
117
95
91
92
116
108
87
87
81
75
99
110
112
89
117
88
91
83
61
92
92
79
90
100
92
90
100
99
92
127
124
92
92
94
92
61
85
92
63
113
109
129
97
83
64
79
78
93
99
117
79
101
141
110
88
90
118
105
100
104
66
85
93
71
96
129
91
88
91
87
113
89
104
81
91
111
86
78
103
108
134
91
79
92
110
88
115
102
91
91
98
95
91
113
101
71
97
110
109
102
79
92
106
72
90
85
91
91
91
107
128
110
121
95
98
87
116
122
87
90
91
89
128
64
65
96
84
94
146
82
95
105
121
89
95
107
88
78
91
76
93
84
90
103
94
121
97
94
72
96
122
95
101
126
88
93
110
86
62
90
91
120
86
93
69
91
120
100
91
64
63
92
85
94
75
127
85
99
89
64
103
93
75
109
93
95
108
109
84
90
88
88
113
114
92
101
100
108
129
109
82
83
61
89
110
99
99
91
105
96
114
69
69
83
100
87
111
87
90
64
99
89
79
130
90
97
92
126
109
88
87
90
91
98
72
98
103
106
102
127
81
91
88
91
85
68
95
116
80
97
91
148
90
95
84
126
90
113
106
78
91
87
105
89
123
87
90
91
66
101
96
89
90
115
89
87
104
86
104
91
85
66
111
82
94
71
89
81
76
91
108
92
104
111
81
90
63
88
113
91
90
86
90
94
94
87
92
88
92
89
116
118
103
96
98
78
93
97
91
67
88
89
100
117
86
136
91
115
81
101
80
87
89
99
91
142
122
83
88
78
88
98
67
96
88
88
103
88
145
88
91
111
91
99
110
103
100
98
86
95
64
87
78
88
77
78
91
105
89
105
89
94
100
92
102
91
148
99
135
77
95
91
116
93
119
92
113
85
71
102
106
85
116
79
68
70
93
102
96
91
96
95
94
90
100
70
94
94
124
98
91
99
85
67
90
99
76
118
91
105
88
92
100
85
91
91
80
101
97
78
107
82
66
102
99
85
87
110
99
93
105
81
92
93
93
99
90
96
90
97
81
71
197
87
62
93
106
91
85
138
63
79
88
115
90
105
71
92
104
93
90
89
94
87
82
67
114
90
111
70
84
86
89
97
89
66
65
91
89
88
80
96
85
67
100
91
76
108
66
61
92
105
102
95
87
67
124
134
87
102
86
98
81
99
106
99
85
91
105
89
81
91
95
84
68
119
81
70
71
94
61
111
91
81
88
119
93
89
95
91
110
87
97
91
90
93
84
100
135
91
91
77
93
86
74
101
74
62
62
98
99
97
91
85
88
84
87
61
86
84
89
98
76
100
92
93
82
91
69
201
103
102
92
107
87
91
66
116
85
117
136
91
82
93
103
101
87
81
71
136
74
76
91
63
99
87
111
89
129
94
105
97
98
129
88
91
141
89
91
91
83
84
111
91
79
101
78
91
114
85
111
86
86
106
81
91
94
131
83
91
74
97
86
83
121
95
93
91
89
112
82
113
84
72
99
85
91
86
105
64
88
89
119
153
90
85
100
87
167
90
103
97
86
91
90
75
83
118
103
90
92
61
70
112
90
102
101
93
127
84
90
95
87
74
124
90
91
85
100
101
88
63
121
93
61
78
97
120
128
197
97
108
91
90
91
100
99
91
117
87
101
70
104
91
110
97
91
98
85
89
84
92
113
109
91
88
94
91
76
76
91
91
130
89
108
93
76
90
70
91
122
91
89
94
94
91
117
63
95
104
74
88
88
105
91
118
109
92
63
72
100
75
79
86
130
100
90
106
98
108
71
96
91
89
67
92
88
129
80
94
91
91
91
91
94
92
98
88
90
95
90
104
82
91
85
70
90
68
86
92
105
91
85
127
80
120
94
101
115
94
92
109
150
98
86
88
69
116
94
100
119
90
84
107
108
88
87
87
139
91
80
88
90
75
100
90
89
106
95
98
88
90
104
124
91
119
93
89
80
90
82
94
91
90
61
95
110
74
81
91
115
93
76
82
91
95
92
90
127
92
87
95
97
85
97
89
97
68
101
101
101
116
85
113
94
91
98
101
63
103
85
97
98
89
109
154
77
91
105
91
115
85
91
91
91
91
91
78
75
133
97
86
98
71
99
91
137
88
95
91
125
89
98
88
185
110
94
81
142
91
69
89
76
92
87
91
91
84
91
108
90
108
91
126
103
111
91
88
92
103
86
110
81
85
94
113
90
86
87
91
91
90
95
105
130
82
91
91
131
91
89
86
103
91
77
103
90
91
114
93
62
91
89
93
82
79
86
130
91
88
89
99
99
82
91
87
88
111
89
103
92
102
81
94
62
75
81
85
91
62
107
91
95
75
96
91
90
79
99
112
123
106
88
87
77
109
101
94
113
95
86
89
85
68
107
87
89
136
90
94
89
92
96
89
86
61
93
110
105
89
93
131
82
95
89
86
91
79
91
117
85
87
89
107
98
115
100
93
110
104
78
91
89
90
91
106
104
103
93
80
91
85
93
85
91
95
92
76
107
85
96
94
87
91
111
92
125
87
113
103
119
99
95
117
100
98
110
88
80
84
98
86
98
126
90
87
80
102
80
87
75
107
91
91
100
115
82
84
97
91
83
95
86
79
95
126
89
95
78
91
90
91
85
77
124
87
90
106
95
63
91
117
112
85
95
74
102
108
93
98
94
83
82
95
85
98
81
90
89
109
98
74
89
111
88
108
116
113
90
105
88
88
126
94
94
114
78
61
99
95
114
94
110
84
102
105
84
88
94
90
103
91
91
137
94
101
117
97
114
91
100
89
120
88
88
107
111
96
91
84
89
91
95
86
77
82
87
106
93
73
91
91
92
109
100
107
106
77
91
116
111
94
133
82
104
90
87
89
141
91
120
87
92
121
92
95
130
103
92
87
91
82
88
106
95
79
93
99
106
97
101
112
84
85
116
105
95
65
100
106
121
98
89
86
95
114
84
92
83
121
89
95
91
91
87
76
103
110
91
73
87
99
85
81
96
91
81
102
136
91
78
91
96
84
91
98
94
90
102
118
105
98
119
116
99
85
82
131
97
97
90
76
91
91
91
106
62
87
108
93
87
103
93
95
99
89
118
117
81
91
91
90
105
85
110
91
87
91
92
112
97
104
65
111
93
86
114
91
97
99
113
84
107
87
76
90
91
88
89
103
110
77
95
126
96
107
145
85
104
91
111
101
102
81
93
85
98
95
106
84
93
